26,45,90,103,110,114,70,99,65,36,70,57,92,90,76,94,99,82,66,65,20,28,44,63,91,88,94,81,75,51,36,30,66,69,91,77,74,70,47,46,44,77,44,98,91,79,72,52,57,69,71,82,118,140,146,151,114,135,136,108,169,192,195,192,188,187,185,183,184,187,189,189,187,187,190,188,186,183,181,180,180,179,176,173,166,169,133,134,110,141,109,111,104,123,128,119,120,112,107,95,99
47,80,101,109,102,121,100,105,74,59,87,92,105,97,103,104,114,92,74,83,68,86,71,88,111,92,114,90,85,66,41,71,96,99,97,97,73,90,53,56,37,94,76,119,108,92,82,80,82,88,81,95,130,153,154,163,160,142,154,155,182,203,204,194,175,186,197,198,189,179,179,191,197,198,192,174,186,196,197,185,163,184,195,191,161,185,152,151,141,158,134,115,93,144,149,116,139,133,124,116,79
65,95,105,108,74,117,105,99,81,70,91,112,106,90,114,98,116,109,77,87,105,116,105,104,120,69,123,96,93,68,64,97,112,117,100,114,78,95,57,74,47,105,107,130,114,98,73,87,104,94,94,106,127,160,160,173,181,159,167,172,181,214,216,210,206,211,217,216,209,198,196,208,214,215,208,201,208,215,216,210,202,208,214,211,198,197,172,173,170,170,148,124,80,155,162,127,149,141,130,128,107
48,91,110,99,101,97,83,85,77,72,81,116,104,76,112,67,104,120,94,66,123,125,129,96,118,102,123,99,105,68,80,107,114,120,115,128,109,80,52,89,79,110,112,132,118,107,62,75,115,86,105,116,113,168,173,190,181,176,175,175,191,226,232,234,235,234,232,229,226,225,226,228,229,229,228,229,229,229,228,227,225,224,225,222,214,198,186,182,169,179,157,136,111,156,169,128,156,147,140,131,132
86,78,119,74,114,49,69,98,90,75,59,106,108,98,100,75,82,114,116,80,130,111,142,92,99,116,114,87,119,86,85,102,103,105,118,134,122,72,84,93,96,109,102,127,121,112,97,99,117,69,110,120,105,174,185,200,168,182,179,182,212,235,240,242,242,237,234,233,231,230,231,232,234,234,234,232,229,229,231,229,225,222,224,222,209,188,195,180,162,189,170,145,137,139,171,105,159,154,148,124,138
96,107,122,90,111,40,97,104,109,89,76,86,108,111,109,92,72,87,126,95,124,89,142,123,104,105,98,82,126,104,85,85,76,82,103,127,110,104,96,75,96,104,98,117,126,103,106,115,111,62,112,111,139,174,184,194,181,183,179,177,217,232,235,234,228,211,220,225,223,214,208,214,225,228,227,214,199,217,224,220,203,195,212,211,181,184,198,188,185,192,176,139,147,142,168,102,155,149,139,114,137
75,119,114,106,103,80,110,106,114,96,89,86,106,106,127,98,69,47,126,95,111,110,132,129,123,100,92,96,122,116,76,70,44,101,108,109,83,110,86,66,85,106,81,91,134,75,108,108,100,75,113,113,156,172,179,180,182,188,182,144,209,223,223,220,211,198,212,216,216,211,198,207,219,223,221,212,208,215,218,214,204,202,203,200,170,165,200,197,184,188,170,126,145,164,162,110,143,125,107,112,139
107,103,103,101,103,109,116,107,97,101,86,88,105,92,128,94,84,73,116,107,78,96,108,119,123,113,103,97,105,115,76,64,41,108,121,104,101,99,63,101,69,110,86,89,134,87,114,95,90,77,110,114,149,170,176,172,159,184,183,167,209,217,214,214,210,206,206,207,213,218,215,215,216,218,219,219,213,209,211,211,209,197,192,201,180,165,191,189,150,170,148,136,144,153,138,138,117,77,85,89,139
130,74,104,112,116,123,112,93,98,110,87,101,112,84,111,86,109,81,101,112,53,48,100,108,111,119,119,70,95,107,85,75,76,102,123,95,102,75,83,120,107,100,104,99,129,102,114,89,89,83,115,107,114,163,170,170,150,160,178,197,219,209,216,217,203,186,195,203,209,212,204,192,197,211,215,213,192,188,205,210,207,188,198,206,185,181,178,174,161,150,142,132,156,139,129,140,95,84,101,82,135
138,102,108,130,115,128,115,85,114,105,105,106,114,98,80,116,122,93,110,103,58,45,109,87,81,104,126,68,103,86,76,96,78,90,116,79,83,75,105,127,116,91,99,82,124,98,98,98,85,91,120,109,79,143,146,158,128,116,169,197,213,198,222,218,212,211,210,208,206,209,205,198,202,209,209,209,204,203,207,209,209,205,205,204,178,166,163,162,150,141,140,120,164,173,146,133,101,102,106,79,128
136,113,103,129,98,126,124,89,119,91,113,89,99,110,97,126,123,105,117,77,80,80,114,57,70,74,120,103,105,66,69,111,94,107,95,82,48,85,108,115,97,99,83,95,119,82,81,115,90,88,116,115,93,104,122,138,80,108,178,172,210,222,222,217,217,209,196,206,207,208,205,204,206,208,208,208,197,188,204,206,202,187,186,195,157,163,136,144,111,122,123,99,171,179,163,118,118,129,103,100,119
125,104,104,105,104,119,120,106,109,98,110,78,55,106,102,124,116,90,112,95,98,89,108,79,97,93,99,111,80,95,92,110,104,119,80,77,9,84,107,74,61,98,60,103,98,87,99,115,89,86,98,120,94,92,117,131,109,114,179,195,228,229,214,217,217,208,193,206,209,209,199,188,193,206,209,207,196,191,202,202,195,181,172,199,178,152,117,118,112,90,112,132,181,176,185,159,165,158,110,95,95
116,92,111,74,92,117,109,103,72,89,102,88,74,93,104,122,111,86,118,90,98,64,100,103,102,93,76,102,69,96,90,94,101,112,72,80,58,90,107,68,45,95,75,103,80,109,91,107,90,86,78,111,103,89,93,133,118,111,170,180,231,226,221,225,215,211,203,211,210,213,209,209,211,212,211,209,198,196,201,201,199,185,196,216,197,122,119,116,109,102,108,137,195,161,190,170,182,168,113,71,79
105,88,102,74,102,104,107,90,53,92,78,89,96,101,80,114,107,101,123,87,92,67,113,109,94,101,58,99,84,75,93,69,100,93,74,76,98,107,109,75,66,95,89,98,92,110,98,95,100,83,97,78,100,105,86,136,113,107,163,181,222,224,239,228,212,199,209,214,216,219,208,197,205,213,215,210,192,190,203,208,209,208,222,224,198,123,114,119,103,98,94,124,203,182,181,148,175,158,106,96,111
62,102,69,98,117,77,102,73,77,102,63,70,93,107,89,95,99,116,103,100,71,91,119,81,89,106,79,94,102,63,94,89,87,86,85,86,116,120,102,98,78,101,79,102,104,106,106,101,91,100,108,90,86,111,79,133,130,116,149,181,211,216,249,239,238,222,227,227,223,228,225,221,221,220,219,216,209,205,214,215,210,208,224,214,179,118,87,94,107,93,68,133,200,191,172,119,148,125,106,91,117
49,110,89,107,121,68,87,66,73,102,68,96,79,102,67,80,86,119,91,89,48,73,110,89,99,109,100,81,116,82,105,96,86,95,86,108,109,117,69,104,85,97,92,105,109,78,83,112,55,111,106,87,99,100,89,114,128,105,136,157,190,205,250,255,238,212,227,234,228,228,220,221,226,227,226,222,212,207,227,228,216,205,219,200,159,109,86,90,114,93,83,120,189,178,155,145,110,108,99,80,93
92,92,115,103,108,88,91,82,86,95,29,108,105,101,87,91,69,105,95,83,81,77,105,94,116,109,102,104,113,109,111,96,92,97,77,112,100,103,53,94,113,82,103,108,103,49,69,113,80,102,97,73,104,72,88,69,96,110,154,171,155,207,240,246,228,244,244,241,235,236,223,223,234,238,240,239,234,232,236,234,224,214,205,186,157,96,107,99,94,99,90,101,181,190,148,148,112,121,108,108,94
83,99,123,91,75,60,90,68,78,89,37,110,100,101,99,105,89,89,82,98,97,88,101,67,107,94,97,85,86,97,87,96,97,86,67,87,118,94,40,81,122,104,91,116,85,84,96,93,102,67,96,54,92,91,95,85,67,103,159,142,160,193,214,226,238,238,243,242,234,236,234,233,240,243,245,233,219,230,235,229,203,188,190,180,140,85,102,104,85,108,94,113,184,175,144,145,123,107,98,113,94
95,115,105,87,81,77,67,84,79,82,87,119,104,101,78,88,110,85,102,115,107,90,89,85,87,80,65,72,93,79,90,111,90,85,76,72,118,96,78,95,126,87,106,110,102,97,102,89,96,71,83,75,66,92,89,101,75,104,158,110,134,172,176,225,205,236,242,239,230,229,215,219,237,242,244,231,234,236,233,225,210,199,199,163,151,123,77,113,118,114,102,113,182,153,144,135,133,107,88,99,51
89,110,84,112,100,88,81,112,101,83,87,120,113,99,90,94,114,86,110,103,88,106,112,83,90,85,90,68,71,104,111,118,79,106,94,99,118,101,84,100,117,111,109,105,120,85,97,113,108,96,106,94,104,86,87,101,101,84,155,105,143,174,194,208,216,246,234,228,221,230,230,235,238,237,240,234,226,219,213,209,185,174,186,161,167,139,95,107,110,90,83,89,173,163,133,108,127,100,94,69,54
119,104,106,104,111,90,92,116,103,85,95,99,113,113,81,103,116,104,102,98,99,92,111,71,99,77,95,102,74,114,101,92,102,109,94,100,118,105,84,75,86,109,93,98,112,93,90,114,111,108,115,126,118,85,82,93,98,96,156,129,142,185,197,212,228,248,218,211,205,206,216,223,217,203,217,210,191,174,166,159,156,160,179,159,165,132,121,113,79,32,77,100,172,159,144,104,105,96,118,86,88
120,83,94,104,114,94,74,94,90,94,115,103,106,122,101,112,118,109,92,103,110,85,106,73,99,98,100,120,86,113,55,86,74,92,103,79,100,126,89,101,93,84,77,103,86,78,85,95,112,94,90,120,108,80,81,75,81,108,160,134,127,178,170,186,232,245,227,215,201,199,206,208,206,203,195,194,200,189,183,167,151,157,191,174,161,118,124,119,73,73,78,96,183,154,134,102,101,115,113,90,99
85,67,81,120,90,87,52,61,74,84,105,85,109,101,114,117,94,91,116,105,85,114,95,105,111,120,120,120,103,104,63,91,84,98,102,78,103,124,113,116,58,82,57,94,46,70,85,65,111,72,64,106,91,96,97,99,92,93,154,104,126,159,172,191,223,235,216,219,212,207,210,211,213,210,200,207,209,197,186,182,165,143,182,160,133,134,108,107,81,109,121,121,188,170,109,78,115,90,88,90,93
17,63,95,107,98,97,75,64,82,88,88,96,116,75,115,116,82,95,116,94,81,116,113,97,106,125,120,108,111,84,77,85,112,114,80,90,89,100,102,113,58,90,91,92,63,70,104,67,107,75,87,102,91,81,82,94,109,93,146,99,133,151,156,185,210,231,219,204,212,215,206,208,210,201,199,196,195,165,144,180,166,144,160,148,121,118,86,91,95,100,124,111,176,151,121,96,113,56,70,71,75
50,81,89,101,108,102,102,88,91,105,108,108,93,99,84,109,99,104,112,96,106,89,119,98,109,113,110,93,119,104,112,86,122,107,77,103,102,99,99,114,71,78,90,102,85,81,112,101,93,60,111,80,93,84,70,96,97,81,150,115,120,168,154,193,210,228,216,219,205,191,177,181,180,184,185,175,181,166,158,180,157,160,173,158,126,96,99,106,98,65,91,102,148,145,148,100,121,96,85,91,108
89,70,87,68,88,75,92,87,98,104,114,88,90,95,82,88,85,99,102,81,118,101,95,93,106,104,108,111,104,107,123,101,99,122,78,114,98,118,84,110,94,101,66,109,81,95,102,105,73,83,104,64,98,91,67,97,97,98,158,130,138,173,122,179,214,217,208,228,207,195,177,168,161,186,182,175,191,186,185,178,122,155,168,156,123,103,100,108,84,75,76,90,145,151,143,115,125,89,87,82,110
63,95,84,70,69,61,75,88,92,101,99,93,75,77,94,54,81,99,103,93,115,103,103,93,111,118,82,91,96,71,109,83,104,116,74,106,102,106,83,86,108,108,100,106,87,106,100,102,105,101,100,61,81,95,94,92,103,97,168,144,141,161,136,190,207,222,202,227,209,210,189,147,181,174,186,184,192,213,210,177,101,136,133,132,131,118,86,96,92,80,93,116,160,158,144,112,114,87,87,87,82
43,105,64,80,77,93,57,98,90,77,72,92,64,99,95,65,99,121,119,98,94,64,96,100,120,102,100,92,103,71,102,80,84,93,98,81,95,77,90,82,100,93,104,92,99,100,105,104,108,79,97,84,51,74,96,97,108,84,167,137,142,147,176,216,228,235,212,211,189,183,195,172,203,187,194,214,217,220,222,197,172,135,148,152,135,125,87,85,104,42,67,118,174,174,142,101,89,104,101,75,61
84,104,79,100,86,115,85,98,65,72,62,84,96,103,90,86,89,97,98,97,104,60,90,117,99,112,113,71,100,77,98,80,65,115,87,68,72,76,63,101,113,104,96,89,116,92,105,106,93,62,103,87,71,81,94,79,96,79,163,141,151,171,196,214,228,208,184,165,166,184,173,179,190,190,196,202,189,197,220,203,198,167,167,138,111,106,93,87,110,59,51,104,158,143,127,99,102,108,82,91,62
78,118,98,101,93,108,102,105,73,82,76,75,95,80,100,92,74,93,117,107,119,71,55,101,109,88,87,87,96,97,94,95,81,117,104,52,68,89,63,90,96,84,115,92,114,76,104,81,76,68,106,80,80,85,81,104,72,103,161,128,153,186,209,195,196,178,153,129,134,140,170,165,157,164,168,184,189,183,210,190,177,174,166,146,129,95,74,76,100,80,91,132,144,156,136,97,102,109,110,112,77
60,122,115,105,97,85,114,108,94,94,68,104,110,102,119,72,91,90,115,108,126,84,49,105,109,88,82,77,104,111,99,75,69,82,105,101,63,89,102,90,95,83,115,108,87,62,77,69,96,89,98,84,100,98,84,114,91,103,159,130,172,217,216,205,211,195,176,166,149,151,178,170,170,172,179,191,184,189,178,157,180,175,190,197,171,104,85,82,87,106,110,131,191,177,127,92,87,92,122,119,43
81,111,108,100,115,92,116,93,113,91,97,125,106,117,114,98,96,111,100,99,117,95,106,95,91,109,97,98,103,109,77,71,69,93,97,121,111,120,113,115,125,86,101,101,93,87,93,105,117,97,103,106,120,111,74,108,102,79,144,139,177,230,197,203,212,193,153,166,160,163,156,168,166,165,153,161,165,154,160,148,150,159,196,195,181,87,107,99,101,108,89,136,208,192,130,118,86,79,115,120,17
90,95,108,90,90,86,111,92,90,110,116,122,99,122,115,87,87,110,98,132,113,125,111,98,103,111,94,85,91,116,100,109,94,114,124,102,115,123,101,126,116,66,93,99,104,109,104,99,112,108,91,86,99,95,90,84,96,100,154,157,163,214,169,185,190,188,163,154,153,139,138,126,106,137,121,139,161,146,162,159,161,128,179,155,175,136,132,108,79,94,69,148,188,177,152,127,121,109,120,115,49
103,115,98,108,94,104,102,76,95,114,84,109,89,104,98,112,104,93,98,135,130,113,120,92,109,92,97,105,111,109,91,105,90,100,98,122,88,116,104,119,85,83,98,115,117,99,74,109,90,95,80,49,82,65,74,97,111,84,189,180,175,188,166,156,153,167,139,141,129,127,142,127,130,144,113,138,139,135,125,131,144,100,165,151,149,134,113,97,66,91,91,155,192,188,163,125,147,128,110,117,91
111,114,92,118,100,94,98,73,94,98,56,97,110,75,84,113,93,93,100,111,123,109,102,125,112,89,107,100,137,74,101,122,120,97,107,127,121,89,93,108,114,98,84,117,96,99,94,120,76,114,78,73,70,96,75,100,107,93,195,193,170,177,148,149,136,163,110,123,106,125,132,115,113,117,115,135,124,133,143,124,100,117,148,123,132,106,104,86,79,74,94,164,217,187,174,141,163,161,108,117,108
80,98,83,114,77,77,102,71,89,103,87,78,110,65,110,117,113,114,114,115,103,85,110,113,85,89,89,94,140,94,94,106,118,99,93,111,125,85,100,82,105,63,74,120,109,102,107,110,78,106,102,106,79,101,98,86,62,75,187,169,142,128,124,138,128,163,107,118,93,107,138,111,125,135,116,154,138,140,137,111,118,112,134,138,133,112,102,99,92,112,106,157,237,229,204,150,171,171,129,111,85
105,80,92,90,87,93,92,90,95,108,102,109,101,70,100,124,115,118,117,94,68,78,117,102,105,100,111,110,119,106,101,109,100,113,94,90,119,117,98,69,90,65,81,120,117,117,117,109,83,108,100,105,94,92,94,95,80,100,170,163,136,146,134,103,130,153,106,121,106,116,124,125,136,148,129,124,126,120,147,123,141,130,148,120,108,99,82,114,100,111,86,151,219,224,202,160,157,160,136,113,74
86,99,92,107,86,96,93,112,109,82,109,100,95,98,71,107,113,103,83,86,104,93,107,96,106,88,89,125,98,89,120,95,77,80,93,77,97,100,79,95,106,78,87,113,108,119,116,96,97,95,99,75,103,85,82,78,90,107,171,149,119,132,119,124,128,149,109,105,86,102,126,131,136,128,129,127,143,141,135,106,128,135,136,116,119,73,106,80,108,88,80,142,172,190,171,160,140,146,119,88,66
47,87,79,109,78,95,111,93,94,87,82,109,92,111,88,88,106,83,78,115,95,96,85,75,78,78,90,104,91,90,106,84,90,88,97,97,88,109,82,114,98,92,78,110,99,113,105,75,113,95,74,84,92,82,85,80,84,97,191,173,107,118,117,129,134,133,111,102,121,115,110,105,123,133,123,109,113,133,114,104,106,104,131,137,119,84,111,88,98,86,66,133,169,163,150,119,139,127,107,97,100
106,84,75,105,90,94,112,98,82,99,90,108,82,104,88,92,93,69,82,86,94,94,99,102,91,110,96,96,102,98,80,111,94,117,113,92,98,102,104,116,95,115,105,121,102,79,83,62,108,93,105,116,86,83,78,67,104,99,195,169,101,140,137,121,100,95,88,109,128,105,115,126,121,126,131,107,99,129,132,116,104,101,132,126,126,99,122,93,92,100,79,112,160,133,128,106,119,113,112,92,99
132,108,90,121,105,114,105,102,94,104,103,91,85,107,105,51,79,107,90,69,69,114,88,96,95,124,109,101,125,100,98,102,95,104,119,117,117,118,114,82,100,100,110,104,107,79,87,73,69,82,120,110,77,97,110,95,104,97,189,150,119,128,147,125,91,110,112,106,102,109,109,113,126,111,111,113,107,118,120,112,119,97,126,135,134,93,110,94,76,104,97,106,174,146,151,142,138,114,90,84,65
101,120,97,117,102,106,115,81,82,91,107,80,66,87,77,74,73,114,91,97,100,105,106,113,100,112,104,106,116,120,102,101,98,87,97,114,124,120,100,116,92,104,125,105,78,84,108,69,94,101,119,95,102,100,111,105,117,93,180,147,137,163,166,155,141,128,127,142,109,120,109,133,135,118,110,117,113,121,130,143,125,126,134,132,148,104,113,100,89,97,76,129,182,164,169,148,132,115,104,84,73
70,84,106,103,72,91,103,90,95,107,92,96,92,103,70,106,99,116,84,119,115,84,125,103,110,133,116,105,115,113,112,93,116,93,86,115,117,121,103,106,97,105,113,87,87,104,107,101,92,65,109,101,103,83,107,123,124,108,190,159,157,184,177,165,167,154,143,133,123,123,133,145,138,126,121,123,130,149,149,152,123,129,142,134,126,91,118,124,102,100,95,114,168,159,138,151,137,118,109,95,71
105,82,98,99,91,64,97,107,106,114,91,95,99,92,96,109,101,114,82,96,104,88,108,93,129,120,113,67,104,102,127,91,105,112,87,101,114,73,69,107,86,106,104,113,100,107,87,105,93,77,90,103,114,96,103,95,100,106,196,170,162,186,163,161,162,155,132,154,116,131,134,137,143,138,126,127,141,147,140,151,133,122,164,156,120,94,101,110,97,104,76,111,164,159,153,147,113,124,91,96,62
132,101,92,86,94,98,96,101,92,110,101,98,96,97,74,102,112,88,103,100,87,111,91,85,120,93,99,81,93,89,104,83,92,109,77,107,101,75,91,103,83,82,93,94,86,110,81,74,76,88,81,105,113,107,114,110,98,98,188,172,173,170,153,185,202,187,150,139,150,129,134,152,146,147,150,145,154,150,159,149,161,172,157,135,96,77,97,76,83,102,94,87,128,135,133,115,120,102,100,90,84
125,99,92,104,95,108,114,112,92,105,101,96,108,104,89,100,114,77,92,105,82,105,97,108,79,87,115,95,98,110,104,90,105,102,106,115,96,94,113,116,94,94,88,88,90,118,98,75,71,80,101,89,94,107,114,95,96,88,174,158,154,147,132,154,195,197,159,177,166,140,157,156,159,166,156,163,169,178,175,175,181,181,155,125,99,91,98,73,86,98,102,107,143,139,130,109,115,91,127,110,82
126,100,104,108,104,111,113,99,107,118,99,88,114,103,98,88,99,94,100,97,90,80,89,114,79,98,112,88,117,123,102,98,111,100,94,89,92,89,100,97,117,87,98,86,76,118,91,81,74,100,84,93,83,96,104,90,103,110,177,167,122,128,129,145,161,190,182,185,195,191,179,194,196,189,193,202,204,178,188,208,189,148,141,119,93,88,82,104,89,80,79,104,140,151,125,101,88,92,116,120,101
118,109,97,102,116,112,111,98,102,87,100,76,102,112,114,95,88,97,115,90,96,118,97,113,98,98,105,93,112,123,104,112,113,103,89,92,99,97,112,95,107,92,85,80,77,105,110,99,106,75,94,95,99,86,99,99,117,119,171,143,141,143,136,131,161,170,162,172,182,193,201,208,194,196,191,195,195,173,181,191,160,138,140,115,97,99,91,105,86,103,105,97,129,136,119,93,104,119,101,110,111
108,106,100,113,114,103,96,88,100,87,121,89,107,84,87,104,102,84,117,106,100,114,118,112,97,94,94,96,103,103,100,117,99,100,79,84,91,101,107,85,91,108,68,86,91,97,104,104,113,86,103,105,102,91,93,93,104,110,162,132,156,161,153,132,151,135,144,161,157,174,179,183,184,187,157,167,167,164,158,178,146,122,123,127,94,93,110,109,98,87,97,92,136,121,84,113,99,109,97,87,89
97,96,101,106,97,121,108,96,93,108,107,108,114,93,110,103,114,105,100,110,85,104,113,103,98,94,100,91,91,100,108,119,91,90,72,75,108,90,95,92,98,100,85,87,84,75,105,83,112,108,84,108,76,76,106,105,102,112,157,139,167,187,157,152,156,155,146,177,180,183,183,179,177,183,157,167,161,157,165,178,158,137,112,131,109,89,114,96,86,88,96,109,137,128,101,112,128,112,88,82,76
119,109,91,97,92,111,104,104,84,104,92,103,103,80,99,101,106,105,88,97,88,79,101,106,99,112,107,101,117,115,92,99,102,111,84,108,118,111,101,80,105,101,92,67,93,92,81,88,103,105,68,109,112,69,102,96,92,102,159,144,169,190,158,171,150,150,162,177,176,189,174,165,173,172,156,155,159,162,149,163,163,138,119,131,98,96,92,80,91,84,97,90,133,126,121,121,120,103,100,101,116
106,104,94,99,104,94,109,110,88,105,88,79,75,80,103,108,77,76,76,94,105,90,99,108,109,108,92,96,98,92,94,110,116,100,99,115,108,96,91,72,92,88,73,83,109,92,96,107,105,76,77,121,104,80,112,106,122,100,164,151,178,194,147,172,147,149,148,178,183,172,159,160,170,176,160,157,172,152,182,172,168,145,135,132,77,86,100,85,95,100,95,92,127,119,109,75,86,78,96,70,79
103,92,105,116,124,105,102,84,93,72,86,103,100,107,102,102,83,101,111,110,99,86,110,115,95,96,112,113,104,115,87,102,95,89,98,108,97,89,88,108,100,95,85,78,111,109,90,102,110,96,82,112,112,84,92,117,103,100,178,165,165,170,149,159,149,150,143,144,159,175,157,154,164,162,162,174,166,177,183,180,178,159,141,119,113,96,103,110,87,83,96,74,119,123,114,87,111,87,79,97,80
103,86,101,104,110,111,106,105,93,81,111,97,108,105,81,84,71,118,109,114,119,91,106,102,97,97,109,104,101,123,98,96,102,97,93,107,102,80,75,110,76,98,95,79,107,103,96,103,86,89,104,105,123,80,82,106,112,98,161,174,150,158,151,170,167,145,136,132,147,159,144,135,154,149,144,168,159,135,163,153,152,148,139,125,122,121,101,95,90,102,93,100,135,133,115,114,100,98,79,91,85
85,112,89,95,123,89,89,102,100,102,105,87,87,105,101,87,93,90,111,91,111,101,113,88,104,112,111,100,115,112,100,101,106,104,83,104,105,111,101,85,83,76,95,93,88,100,98,106,92,83,112,105,102,76,60,95,111,84,170,168,143,149,131,147,152,127,118,106,132,128,141,117,122,139,131,147,141,121,130,127,139,125,127,119,104,98,100,93,85,112,88,111,121,110,100,106,115,90,84,98,88
109,95,80,101,123,107,112,109,80,94,100,82,84,99,104,88,110,101,101,82,93,107,128,79,104,102,80,93,96,113,105,98,96,101,94,96,105,112,114,99,78,92,107,108,97,92,79,116,79,73,88,95,99,86,76,98,118,84,167,157,132,125,119,116,114,122,105,104,102,120,127,109,111,116,124,119,126,116,134,105,134,119,109,119,102,97,85,98,95,94,96,114,124,110,100,89,104,86,90,99,80
89,90,77,84,116,107,96,105,90,104,93,71,86,102,86,79,93,108,93,102,107,88,115,85,105,98,101,101,97,113,94,110,111,108,96,104,96,88,97,99,88,107,109,104,99,108,85,105,109,95,88,104,110,76,87,96,113,88,141,145,143,114,107,117,124,129,98,94,116,124,118,107,98,106,141,131,129,131,135,123,150,138,88,103,92,98,94,95,100,101,95,96,129,121,106,99,108,87,89,104,95
73,107,104,98,115,88,96,97,102,101,113,87,113,94,95,98,96,102,104,107,103,99,107,100,91,100,116,89,82,108,89,94,115,96,93,100,97,99,115,88,113,93,83,82,85,108,101,101,108,109,85,114,122,98,110,104,91,87,158,149,138,129,91,129,124,112,125,99,126,120,121,114,121,120,127,139,123,125,138,133,155,129,94,95,94,106,94,106,98,103,106,98,137,129,102,114,118,97,109,91,96
99,113,104,106,120,100,104,89,89,102,99,97,87,89,118,109,100,95,103,109,92,101,97,110,108,90,102,97,100,104,90,96,94,95,91,100,105,104,91,103,107,103,89,85,70,84,108,97,116,119,91,120,102,96,110,103,100,99,141,142,120,131,109,127,115,123,120,112,111,118,127,109,107,107,118,132,105,119,121,117,162,130,118,121,115,115,125,110,105,102,96,106,134,120,103,110,117,112,111,92,104
97,119,103,102,107,91,94,82,95,113,103,98,67,103,109,93,95,89,101,111,100,89,111,100,108,104,109,110,110,75,98,114,99,102,100,91,99,100,110,108,100,88,93,83,101,89,104,95,107,96,100,100,84,88,107,93,95,97,160,148,119,140,134,119,104,122,107,103,105,127,108,110,108,128,136,126,119,133,122,140,160,135,148,135,104,95,122,107,111,99,99,113,145,134,119,115,117,106,103,101,91
95,109,99,116,113,109,110,102,98,96,117,109,94,90,83,94,73,88,97,103,98,88,104,99,101,97,121,106,101,94,95,84,80,87,92,88,96,95,103,109,102,100,91,105,96,94,93,88,112,94,100,93,98,103,102,105,99,97,172,151,140,120,137,135,137,145,136,140,153,168,133,161,155,143,182,155,171,167,154,164,172,143,140,150,115,115,104,112,107,114,97,104,145,147,126,125,120,116,110,86,93
83,101,108,114,109,107,116,107,102,116,106,106,111,106,98,88,102,107,112,79,94,97,97,103,105,95,111,108,102,108,109,101,90,80,104,102,99,110,120,103,92,102,92,98,106,105,83,105,107,92,90,108,107,96,86,96,107,107,170,162,140,120,110,139,134,174,175,170,177,174,157,175,187,171,203,168,169,181,138,149,169,136,118,136,109,105,106,112,85,107,82,110,129,141,145,147,129,100,104,73,89
72,89,104,95,98,117,99,103,109,112,103,101,93,111,102,96,97,110,97,87,98,100,106,107,104,83,89,108,105,91,109,110,70,89,93,100,108,104,114,93,94,87,80,111,96,101,92,118,119,92,85,111,93,83,100,78,88,95,177,171,143,113,114,119,127,180,175,156,166,168,146,164,175,162,177,163,164,167,142,147,155,125,126,146,130,104,114,107,107,113,98,105,161,169,155,145,141,107,90,103,115
110,101,115,103,111,107,114,100,112,103,106,99,106,100,94,106,99,101,77,92,101,102,103,106,100,94,95,103,102,87,102,107,76,97,92,101,95,94,102,100,103,80,83,91,103,102,105,107,105,98,78,103,115,99,89,82,79,110,167,156,110,124,130,125,138,151,150,140,155,144,115,121,130,131,135,128,123,136,120,145,137,134,137,143,162,131,111,82,104,93,105,107,173,173,156,125,142,106,102,101,110
95,103,118,92,105,79,108,102,103,97,100,95,124,108,106,102,111,104,108,99,109,115,104,125,107,94,107,105,104,95,94,103,105,108,96,101,99,102,110,103,94,106,98,96,102,91,88,101,107,112,99,119,108,106,100,97,88,102,157,174,141,165,141,139,133,131,128,126,130,123,110,110,106,117,133,127,122,129,124,128,115,124,109,121,172,154,125,94,105,99,92,125,189,176,141,161,157,128,97,108,100
101,99,90,98,75,67,101,128,115,97,96,98,109,112,99,93,99,101,111,99,118,111,101,109,113,108,114,110,97,97,98,98,97,101,96,87,108,103,98,104,105,99,99,115,101,103,90,90,103,109,102,115,119,107,110,114,107,104,155,154,148,166,142,144,122,139,118,128,120,122,118,122,107,110,100,125,118,113,107,121,119,119,115,106,134,114,107,103,98,102,100,130,192,203,147,155,129,104,103,91,87
100,96,106,104,99,90,104,109,110,102,112,105,101,98,106,84,97,109,112,103,105,117,96,102,106,101,105,104,116,91,91,92,93,99,96,103,108,110,96,103,96,111,115,112,94,90,83,103,98,102,114,106,92,111,102,103,108,107,141,148,117,132,123,115,120,136,125,127,113,113,106,119,103,98,95,95,100,116,94,101,112,121,111,125,114,116,107,119,95,109,96,116,165,170,133,143,121,109,97,82,85
87,93,115,96,108,104,116,77,93,98,105,106,114,105,100,100,88,113,104,107,103,108,105,121,118,97,113,122,107,110,100,97,102,100,89,105,112,103,91,109,106,119,113,97,108,93,97,87,104,113,107,92,85,103,95,95,87,94,148,166,104,121,97,116,113,105,111,117,118,118,100,112,107,91,105,104,102,117,86,93,98,101,105,93,106,103,105,101,93,102,99,108,150,153,127,141,107,115,103,97,94
78,95,111,97,105,101,116,113,117,109,113,96,111,94,105,116,102,90,92,102,99,103,98,120,117,77,96,118,99,109,100,103,104,95,92,92,101,87,101,111,110,89,90,104,106,113,110,97,105,97,110,108,106,95,93,107,105,103,129,158,105,110,90,139,116,91,98,99,93,128,117,111,121,105,119,124,124,123,110,111,106,103,90,98,102,96,107,107,105,89,108,105,135,149,118,113,92,100,92,111,90
110,95,110,114,109,109,120,107,104,111,98,99,101,102,98,94,95,121,94,105,111,105,111,113,109,101,101,120,108,97,104,97,104,95,90,108,101,99,113,106,110,101,84,91,104,100,108,106,109,77,111,104,94,96,105,111,108,109,142,166,107,108,113,140,121,126,116,133,112,116,119,131,134,119,141,127,150,143,126,127,115,110,115,102,99,94,98,93,120,86,97,106,146,138,104,102,100,107,107,105,87
94,107,98,116,123,111,109,101,109,103,102,93,91,96,98,95,106,120,107,97,105,95,101,100,103,96,96,107,103,103,96,98,94,97,117,116,110,102,110,115,105,77,91,98,103,79,100,97,101,102,110,100,95,103,95,93,91,106,140,144,111,129,121,136,126,136,127,150,102,116,126,148,142,132,156,135,159,151,132,127,116,103,101,105,113,107,104,106,107,101,105,108,126,139,115,117,128,105,108,99,85
108,110,91,108,120,102,103,109,113,95,103,79,91,102,106,99,109,110,105,93,114,103,100,110,94,110,101,108,108,102,94,109,110,120,119,119,98,95,100,106,103,97,84,91,86,87,102,97,127,118,117,110,115,112,90,98,84,104,176,175,122,127,136,134,135,113,111,121,128,144,140,137,138,141,169,164,176,173,151,123,134,119,113,125,102,100,107,117,92,92,97,95,139,133,115,115,119,114,97,97,94
111,107,85,96,115,105,113,112,106,105,113,96,87,97,109,117,109,107,88,89,117,94,111,108,96,110,111,104,107,103,113,111,107,116,124,115,110,100,77,105,104,98,99,103,97,96,99,105,109,110,110,102,111,112,95,95,99,101,178,179,135,114,128,146,140,120,117,119,114,127,127,125,134,132,145,172,168,159,150,126,128,134,137,126,113,117,107,117,98,101,91,114,124,127,117,121,103,111,104,92,95
80,90,95,104,103,99,121,104,101,111,105,97,91,97,114,119,102,109,97,100,104,106,102,112,104,114,106,108,90,108,104,94,108,98,115,109,92,96,90,110,87,101,108,103,117,97,93,102,104,114,113,104,106,108,105,111,122,103,167,159,144,134,148,139,145,135,113,120,114,122,125,114,118,117,116,160,155,143,125,141,125,144,134,123,121,113,103,112,100,109,87,109,140,129,143,107,119,114,116,105,102
81,93,109,106,97,97,106,115,102,96,95,107,98,111,104,111,87,113,117,94,114,114,108,97,98,102,111,113,98,101,105,95,115,104,115,101,103,98,96,106,103,95,95,103,106,108,93,96,99,112,112,113,105,101,83,103,115,99,151,154,113,129,134,119,122,120,123,110,128,113,103,127,120,131,115,157,123,142,125,144,131,135,119,117,112,102,99,96,93,95,107,106,113,116,125,120,129,123,102,89,104
73,95,94,120,128,107,109,111,105,100,96,116,105,89,100,100,107,114,109,90,99,92,86,77,89,106,107,111,107,104,99,109,109,105,102,96,113,103,110,92,101,101,97,99,96,105,97,107,108,111,108,103,107,94,88,101,109,102,155,159,121,132,117,132,122,116,123,122,116,117,98,116,122,102,129,152,118,121,139,126,128,106,97,106,108,87,98,80,93,83,107,99,127,147,140,130,121,115,106,97,91
88,89,92,112,128,104,90,108,103,94,89,86,92,87,102,102,86,88,105,96,95,94,94,80,89,89,104,91,97,89,88,107,92,100,118,92,83,95,98,80,95,83,87,93,86,86,100,92,90,105,92,92,94,86,91,103,92,97,112,132,117,134,113,124,127,101,109,113,114,119,95,104,107,91,119,145,113,115,123,133,127,105,104,81,94,104,94,93,88,96,89,91,112,137,141,131,108,91,98,93,97
67,66,79,88,106,81,80,91,80,83,68,81,78,88,88,78,72,76,79,70,77,89,76,83,82,89,91,77,85,70,87,80,65,79,96,91,85,73,81,77,98,87,84,73,81,77,82,63,70,87,82,71,71,78,76,86,80,84,109,130,100,116,125,113,120,116,94,98,106,115,104,96,96,94,91,113,98,87,107,119,114,122,126,88,81,94,68,84,89,78,82,86,130,146,125,114,100,85,75,76,75
45,47,63,59,85,82,62,73,61,66,56,70,53,62,75,60,63,70,54,51,56,59,56,63,53,60,63,54,49,49,54,58,63,53,65,59,45,51,58,57,68,64,52,52,56,47,58,55,63,58,55,37,46,58,58,58,63,59,97,104,77,76,104,138,119,114,84,78,113,98,111,101,87,83,61,65,51,58,51,78,91,102,99,72,72,59,64,66,50,45,62,65,111,124,80,72,64,56,57,61,59
0,17,31,37,50,44,30,30,20,30,30,25,30,25,21,25,26,21,28,26,38,25,34,27,14,16,26,28,36,19,7,23,34,32,26,23,17,25,27,19,21,32,21,12,23,18,26,12,23,21,25,22,16,34,30,27,25,33,68,81,35,38,79,122,92,83,65,54,86,74,71,68,42,45,38,50,24,21,26,51,52,47,47,43,32,29,27,22,14,19,14,33,73,71,57,36,26,19,26,28,12
